200.2300   0.3830
222.3500   0.1334
22.1200   0.8554
229.8900   0.7987
29.6600   5.6782
 7.5400   0.3857
298.7000   0.1898
98.4700   1.2513
76.3500   0.1833
68.8100   0.2319
307.4900   0.2885
107.2600   1.1602
85.1400   0.2287
77.6000   0.1300
 8.7900  -0.0921
380.2600   1.6603
180.0300   6.7827
157.9100   0.8121
150.3700  -0.0185
81.5600   0.6030
72.7700   0.3338
433.0500   0.8001
232.8200   0.0257
210.7000   1.4429
203.1600  18.2419
134.3500   3.2452
125.5600   2.1608
52.7900  13.5054
603.4700   0.1801
403.2400   0.9292
381.1200   0.0487
373.5800   0.3724
304.7700   0.1691
295.9800   0.2081
223.2100   0.7640
170.4200   1.5528