56.0200   0.0406
55.5600   0.0549
 0.5500   0.0331
55.4900   0.0384
 0.6100   0.0142
 0.1600   0.0235
33.3100   0.0560
22.7100   0.0352
22.3500   0.0395
22.1800   0.0320
55.1700   0.0341
 0.8900   0.0173
 0.4900   0.0225
 0.3400   0.0111
21.8600   0.0299
 1.2500   0.0449
54.7700   0.0471
54.4100   0.0460
54.2400   0.0428
32.0600   0.0482
53.9200   0.0384
55.8900   0.0471
 0.2100   0.0173
 0.4500   0.0267
 0.4600   0.0121
22.5800   0.0320
 0.7500   0.0173
54.6400   0.0417
1114.3700   0.0549
1178.2200   0.0428
1178.0500   0.0604
1177.8900   0.0449
1137.1900   0.0395
1177.7000   0.0428
1114.1300   0.0616
1178.1700   0.0449
1113.9500   0.0811
1177.8000   0.0741
1177.6300   0.0977
1177.4700   0.0707
1136.7700   0.0811
1177.2800   0.0718
1113.7100   0.0977
1177.7500   0.0823
 0.5600   0.0482
1111.5300   0.0616
1175.3800   0.0395
1175.2100   0.0627
1175.0500   0.0428
1134.3500   0.0449
1174.8600   0.0449
1111.2900   0.0616
1175.3300   0.0449
 3.1900   0.0320
 2.7900   0.0730
1130.1900   0.0811
1194.0400   0.0627
1193.8700   0.0593
1193.7100   0.0560
1153.0100   0.0718
1193.5200   0.0549
1129.9500   0.0764
1193.9900   0.0672
15.9700   0.0661
16.5300   0.1074
19.5500   0.0707
1110.3100   0.0650
1174.1600   0.0537
1173.9900   0.0560
1173.8300   0.0526
1133.1300   0.0373
1173.6400   0.0537
1110.0700   0.0504
1174.1100   0.0504
 4.0500   0.0417
 3.7100   0.0953
 1.1900   0.0482
19.9200   0.0764
1110.1000   0.0537
1173.9500   0.0482
1173.7800   0.0526
1173.6200   0.0449
1132.9200   0.0373
1173.4300   0.0438
1109.8600   0.0504
1173.9000   0.0438
 4.2700   0.0288
 3.8500   0.0672
 1.4300   0.0417
20.0900   0.0707
 0.2100   0.0341
1110.4600   0.0730
1174.3100   0.0504
1174.1400   0.0672
1173.9800   0.0493
1133.2800   0.0526
1173.7900   0.0537
1110.2200   0.0787
1174.2600   0.0471
 3.9100   0.0320
 3.4900   0.0799
 1.1000   0.0395
19.7300   0.0799
 0.1500   0.0515
 0.3600   0.0331
1110.4200   0.0776
1174.2700   0.0672
1174.1000   0.0846
1173.9400   0.0549
1133.2400   0.0638
1173.7500   0.0695
1110.1800   0.0846
1174.2200   0.0616
 3.9300   0.0638
 3.5100   0.1074
 1.1400   0.0684
19.7800   0.0977
 0.1000   0.0650
 0.3200   0.0526
 0.0500   0.0593
299.8100   0.1111
355.3200   0.0893
354.9200   0.1236
354.7700   0.1086
333.1900   0.0929
354.4300   0.1074
299.9700   0.1062
355.1800   0.1099
861.8500   0.1001
861.4300   0.1312
859.0100   0.1050
877.6700   0.1494
857.3700   0.0989
857.5800   0.1111
857.2200   0.1249
857.2600   0.1274
318.2800   0.0560
370.2200   0.0537
369.8200   0.0823
369.6700   0.0560
351.2300   0.0593
369.3300   0.0449
318.3100   0.0730
370.0800   0.0604
814.4400   0.0661
814.0200   0.1025
811.6000   0.0753
830.2600   0.1013
809.9600   0.0823
810.1700   0.0650
809.8100   0.0787
809.8500   0.0965
32.3100   0.1148
301.6900   0.0707
348.1100   0.0526
347.7100   0.0616
347.5600   0.0504
325.9000   0.0526
347.2200   0.0493
301.9400   0.0627
347.9700   0.0482
864.6700   0.0604
864.2500   0.0977
861.8300   0.0811
880.4900   0.0905
860.1900   0.0718
860.4000   0.0515
860.0400   0.0776
860.0800   0.0799
 8.2600   0.1013
38.5800   0.0616
317.2700   0.0604
373.3400   0.0363
372.9400   0.0582
372.7900   0.0428
357.4900   0.0438
372.4500   0.0384
317.4000   0.0537
373.2000   0.0417
816.3100   0.0428
815.8900   0.0811
813.4700   0.0549
832.1300   0.0764
811.8300   0.0571
812.0400   0.0373
811.6800   0.0560
811.7200   0.0661
28.1200   0.0905
 4.3900   0.0526
34.3900   0.0417
317.2900   0.0672
373.3600   0.0449
372.9600   0.0661
372.8100   0.0482
357.5100   0.0560
372.4700   0.0460
317.4200   0.0650
373.2200   0.0460
816.3300   0.0582
815.9100   0.0989
813.4900   0.0627
832.1500   0.0823
811.8500   0.0741
812.0600   0.0560
811.7000   0.0661
811.7400   0.0776
28.1400   0.1161
 4.4100   0.0582
34.4100   0.0526
 0.0100   0.0163
317.1700   0.0799
373.3500   0.0482
372.9500   0.0799
372.8000   0.0616
357.5000   0.0582
372.4600   0.0593
317.3900   0.0730
373.2100   0.0638
816.3200   0.0695
815.9000   0.1123
813.4800   0.0741
832.1400   0.1062
811.8400   0.0811
812.0500   0.0707
811.6900   0.0870
811.7300   0.0905
28.1300   0.0764
 4.4000   0.0684
34.4000   0.0593
 0.0100   0.0277
 0.0100   0.0331
351.7800   0.0881
358.0900   0.0661
357.6900   0.0965
357.5400   0.0741
337.2500   0.0858
357.2000   0.0672
337.4300   0.0965
357.9500   0.0753
816.4400   0.0846
816.0200   0.1186
813.6000   0.1025
832.2600   0.1062
811.9600   0.1099
812.1700   0.0905
811.8100   0.1111
811.8500   0.1312
25.2900   0.1198
 8.2300   0.0707
31.8700   0.0593
 4.8900   0.0571
 4.9100   0.0515
 4.9000   0.0627
305.6200   0.0834
350.8700   0.0537
350.4700   0.0858
350.3200   0.0650
330.7500   0.0571
349.9800   0.0604
305.8300   0.0858
350.7300   0.0672
842.2800   0.0764
841.8600   0.1198
839.4400   0.0776
858.1000   0.1099
837.8000   0.0811
838.0100   0.0811
837.6500   0.0929
837.6900   0.0953
18.7400   0.0776
13.6600   0.0526
24.9800   0.0638
 9.4700   0.0650
 9.4900   0.0730
 9.4800   0.0504
 6.9400   0.0799
330.2700   0.0537
356.2800   0.0352
355.8800   0.0482
355.7300   0.0352
334.9800   0.0417
355.3900   0.0320
336.7500   0.0515
356.1400   0.0417
817.6500   0.0549
817.2300   0.0787
814.8100   0.0604
833.4700   0.0638
813.1700   0.0571
813.3800   0.0515
813.0200   0.0650
813.0600   0.0823
24.0600   0.0893
 8.9000   0.0471
30.3300   0.0504
 5.0500   0.0384
 5.0700   0.0406
 5.0600   0.0406
 1.6600   0.0537
 5.4100   0.0593
330.2800   0.0582
356.2900   0.0331
355.8900   0.0537
355.7400   0.0384
334.9900   0.0471
355.4000   0.0352
336.7600   0.0571
356.1500   0.0449
817.6500   0.0560
817.2300   0.0799
814.8200   0.0627
833.4700   0.0730
813.1800   0.0571
813.3900   0.0537
813.0300   0.0672
813.0700   0.0834
24.0700   0.0799
 8.9100   0.0460
30.3400   0.0493
 5.0600   0.0373
 5.0800   0.0428
 5.0700   0.0428
 1.6700   0.0493
 5.4200   0.0560
 0.0050   0.0111
351.6900   0.0741
358.0100   0.0515
357.6100   0.0823
357.4600   0.0627
337.1700   0.0707
357.1200   0.0560
337.6400   0.0846
357.8700   0.0638
816.3500   0.0672
815.9300   0.0953
813.5100   0.0846
832.1700   0.0953
811.8700   0.0965
812.0800   0.0730
811.7200   0.0929
811.7600   0.1086
25.5000   0.1013
 8.3400   0.0604
31.7700   0.0471
 4.9800   0.0482
 5.0000   0.0493
 4.9900   0.0549
 0.0900   0.0225
 6.8500   0.0638
 1.7500   0.0549
 1.7600   0.0460
312.0200   0.0627
357.1800   0.0493
356.7800   0.0695
356.6300   0.0571
336.3400   0.0593
356.2900   0.0471
312.1400   0.0661
357.0400   0.0571
817.3700   0.0560
816.9500   0.0811
814.5300   0.0695
833.1900   0.0741
812.8900   0.0787
813.1000   0.0582
812.7400   0.0823
812.7800   0.0989
25.6000   0.0858
 9.1400   0.0571
31.6700   0.0460
 5.7800   0.0395
 5.8000   0.0460
 5.7900   0.0526
 0.9100   0.0352
 6.9500   0.0672
 3.3000   0.0449
 3.3000   0.0438
 0.8300   0.0256
306.2100   0.0881
351.4600   0.0672
351.0600   0.0638
350.9100   0.0616
330.1600   0.0560
350.5700   0.0571
306.4200   0.0661
351.3200   0.0627
841.6900   0.0811
841.2700   0.1173
838.8500   0.0941
857.5100   0.0881
837.2100   0.0753
837.4200   0.0741
837.0600   0.0977
837.1000   0.1136
19.2400   0.1173
13.0700   0.0672
25.5100   0.0616
 8.8800   0.0684
 8.9000   0.0764
 8.8900   0.0730
 6.3500   0.0929
 0.5900   0.0537
 4.8200   0.0449
 4.8300   0.0593
 6.2600   0.0811
 6.3600   0.0753
330.3500   0.0526
356.3600   0.0363
355.9600   0.0604
355.8100   0.0406
335.0600   0.0571
355.4700   0.0406
336.8300   0.0638
356.2200   0.0504
817.5700   0.0627
817.1500   0.0858
814.7300   0.0661
833.3900   0.0893
813.0900   0.0707
813.3000   0.0695
812.9400   0.0787
812.9800   0.0858
24.1400   0.0977
 8.8200   0.0560
30.4100   0.0526
 4.9700   0.0471
 4.9900   0.0428
 4.9800   0.0504
 1.5800   0.0438
 5.4900   0.0627
 0.0800   0.0341
 0.0900   0.0309
 1.6700   0.0406
 3.2200   0.0493
 4.9000   0.0811
300.6800   0.0650
345.6600   0.0438
345.2600   0.0616
345.1100   0.0438
323.7000   0.0482
344.7700   0.0438
300.8200   0.0627
345.5200   0.0428
874.7300   0.0515
874.3100   0.0776
871.8900   0.0741
890.5500   0.0905
870.2500   0.0741
870.4600   0.0504
870.1000   0.0695
870.1400   0.0834
16.1200   0.0989
46.4800   0.0549
 7.8600   0.0215
42.2900   0.0363
42.3100   0.0406
42.3000   0.0593
39.7600   0.0515
32.8100   0.0707
38.2300   0.0471
38.2400   0.0438
39.6700   0.0363
39.7700   0.0406
33.4100   0.0650
38.3100   0.0438
331.3400   0.1136
357.3500   0.0977
356.9500   0.1287
356.8000   0.1062
336.0500   0.1099
356.4600   0.0977
337.8200   0.1299
357.2100   0.1074
816.7400   0.1025
816.3200   0.1403
813.9000   0.1261
832.5600   0.1299
812.2600   0.1351
812.4700   0.1211
812.1100   0.1351
812.1500   0.1682
25.1300   0.1587
 9.3500   0.0941
31.4000   0.0977
 6.0200   0.0905
 6.0400   0.0870
 6.0300   0.0965
 1.0200   0.0515
 6.4800   0.1148
 3.2500   0.0858
 3.2600   0.0870
 0.9300   0.0672
 0.5200   0.0776
 5.8900   0.1249
 3.2000   0.0753
39.3000   0.0846
331.3600   0.0593
357.3700   0.0428
356.9700   0.0661
356.8200   0.0504
336.0700   0.0515
356.4800   0.0493
337.8400   0.0695
357.2300   0.0504
816.7500   0.0460
816.3300   0.0799
813.9200   0.0582
832.5700   0.0741
812.2800   0.0650
812.4900   0.0526
812.1300   0.0661
812.1700   0.0776
25.1500   0.0799
 9.3700   0.0582
31.4200   0.0438
 6.0400   0.0384
 6.0600   0.0428
 6.0500   0.0515
 1.0400   0.0384
 6.5000   0.0526
 3.2700   0.0493
 3.2700   0.0449
 0.9500   0.0256
 0.5400   0.0277
 5.9100   0.0730
 3.2100   0.0384
39.3200   0.0384
 0.0150   0.0526
331.2400   0.0482
357.2500   0.0341
356.8500   0.0537
356.7000   0.0384
335.9500   0.0373
356.3600   0.0363
337.7200   0.0560
357.1100   0.0373
816.8400   0.0341
816.4200   0.0672
814.0000   0.0504
832.6600   0.0627
812.3600   0.0515
812.5700   0.0406
812.2100   0.0526
812.2500   0.0695
25.0300   0.0787
 9.4500   0.0428
31.3000   0.0373
 6.1200   0.0320
 6.1400   0.0395
 6.1300   0.0449
 1.1200   0.0395
 6.3800   0.0449
 3.1500   0.0331
 3.1600   0.0331
 1.0300   0.0288
 0.6200   0.0256
 5.7900   0.0526
 3.1000   0.0384
39.2000   0.0309
 0.1000   0.0560
 0.1200   0.0163
317.3800   0.0593
369.3200   0.0560
368.9200   0.0776
368.7700   0.0604
335.4400   0.0707
368.4300   0.0593
317.4100   0.0695
369.1800   0.0593
855.6800   0.0604
855.2600   0.1074
852.8400   0.0616
871.5000   0.0929
851.2000   0.0661
851.4100   0.0684
851.0500   0.0730
851.0900   0.0977
11.2300   0.1261
22.6900   0.0707
18.8200   0.0811
18.5000   0.0650
18.5200   0.0661
18.5100   0.0941
15.9700   0.0834
 9.0300   0.0953
14.4500   0.0593
14.4600   0.0616
15.8800   0.0764
15.9800   0.0604
 9.6200   0.0989
14.5300   0.0493
29.9800   0.0718
15.5100   0.1038
15.5300   0.0504
15.4100   0.0471
319.5400   0.0638
374.0800   0.0593
373.6800   0.0787
373.5300   0.0582
347.4400   0.0616
373.1900   0.0549
319.7600   0.0730
373.9400   0.0560
815.0200   0.0695
814.6000   0.1050
812.1800   0.0661
830.8400   0.0787
810.5400   0.0684
810.7500   0.0672
810.3900   0.0823
810.4300   0.0870
33.7400   0.1001
 1.4300   0.0638
40.0100   0.0787
 5.8200   0.0604
 5.8400   0.0616
 5.8300   0.0834
 9.6600   0.0707
15.0900   0.0753
10.3300   0.0638
10.3400   0.0650
 9.7500   0.0684
10.5700   0.0604
14.5000   0.0929
10.2500   0.0604
47.9100   0.0707
10.7800   0.0989
10.8000   0.0438
10.8800   0.0471
24.1200   0.0695
620.3300   0.0929
674.1500   0.0858
673.7500   0.1148
673.6000   0.0870
640.2800   0.1086
673.2600   0.0834
620.2100   0.0870
674.0100   0.0893
506.5400   0.1062
506.1200   0.1338
503.7000   0.1086
522.3600   0.1325
502.4800   0.1111
502.2700   0.1086
502.6300   0.1173
502.5900   0.1416
370.6100   0.1561
323.3100   0.0941
373.7800   0.1086
325.2300   0.0870
325.2500   0.0858
325.2400   0.1186
325.2200   0.0965
341.0500   0.1287
326.7000   0.0799
326.7100   0.0834
325.3100   0.0881
325.2600   0.0650
340.4600   0.1249
326.6200   0.0730
384.1600   0.0977
325.9700   0.1494
325.9900   0.0811
325.8700   0.0707
364.2400   0.0549
323.7800   0.1038
612.5200   0.0787
666.3400   0.0684
665.9400   0.1074
665.7900   0.0764
632.6200   0.0787
665.4500   0.0730
612.6000   0.0799
666.2000   0.0707
512.7500   0.0834
512.3300   0.1074
509.9100   0.0917
528.5700   0.1312
508.6900   0.0977
508.4800   0.0846
508.8400   0.1025
508.8000   0.1136
367.0200   0.0846
314.1500   0.0684
368.0600   0.0661
316.1700   0.0604
316.1900   0.0627
316.1800   0.0549
315.7700   0.0638
330.5300   0.0695
317.3500   0.0560
317.3600   0.0560
315.8600   0.0571
316.0400   0.0571
329.9400   0.0905
317.2700   0.0582
374.8500   0.0582
316.6500   0.1025
316.6700   0.0616
316.5500   0.0526
352.1200   0.0893
314.4900   0.0730
 8.5100   0.0893
564.0400   0.0695
617.8600   0.0718
617.4600   0.0917
617.3100   0.0764
584.1400   0.0881
616.9700   0.0661
564.1200   0.0965
617.7200   0.0787
561.2300   0.0823
560.8100   0.0989
558.3900   0.1001
577.0500   0.1025
557.1700   0.1148
556.9600   0.0870
557.3200   0.1148
557.2800   0.1416
318.5400   0.1403
265.6700   0.0753
319.5800   0.0741
267.6900   0.0764
267.7100   0.0776
267.7000   0.0965
267.2900   0.0627
282.0500   0.1099
268.8700   0.0741
268.8800   0.0718
267.3800   0.0526
267.5600   0.0460
281.4600   0.1086
268.7900   0.0695
326.3700   0.0571
268.1700   0.0953
268.1900   0.0549
268.0700   0.0549
303.6400   0.0905
266.0100   0.0787
56.9900   0.1074
48.4800   0.0881