77.9700  -0.0011
10.1300   0.0228
67.8400  -0.0313
270.0700  -0.0064
348.0400  -0.0377
280.2000  -0.0029
15.6700   0.0431
62.3000  -0.0179
 5.5400   0.0152
285.7400   0.0119
268.4300   0.0256
346.4000  -0.0905
278.5600  -0.0231
 1.6400  -0.0166
284.1000   0.0322
264.1800  -0.0183
342.1500  -0.0481
274.3100  -0.0141
 5.8900  -0.0269
279.8500   0.0057
 4.2500  -0.0354
259.2400   0.0771
337.2100  -0.0167
269.3700   0.0137
10.8300   0.0174
274.9100  -0.0119
 9.1900   0.0614
 4.9400   0.0209
49.5600  -0.0586
28.4100  -0.0040
39.4300   0.0003
319.6300  -0.0131
33.8900   0.0416
317.9900  -0.0064
313.7400  -0.0261
308.8000   0.0552
29.8500  -0.0211
48.1200  -0.0364
19.7200  -0.0152
299.9200  -0.0085
14.1800   0.0185
298.2800  -0.0378
294.0300  -0.0183
289.0900   0.0263
19.7100  -0.0325
 9.7000   0.0760
87.6700  -0.0111
19.8300   0.0216
260.3700   0.0177
25.3700  -0.0119
258.7300   0.0422
254.4800   0.0135
249.5400  -0.0064
59.2600   0.0629
39.5500   0.0353
269.4400  -0.0316
347.4100  -0.0381
279.5700   0.0041
 0.6300  -0.0140
285.1100   0.0327
 1.0100  -0.0447
 5.2600  -0.0338
10.2000   0.0563
319.0000  -0.0305
299.2900  -0.0200
259.7400   0.0432
35.0600   0.0171
113.0300  -0.0607
45.1900  -0.0168
235.0100  -0.0281
50.7300  -0.0469
233.3700   0.0171
229.1200  -0.0296
224.1800  -0.0861
84.6200  -0.0065
64.9100  -0.0059
25.3600  -0.0401
234.3800   0.0021