67.9100   0.3667
55.6600   0.7440
123.5700   0.9231
29.9700   0.4007
97.8800   0.5632
25.6900  -0.0054
 6.9000   0.1539
61.0100   0.3856
62.5600   0.6529
36.8700   0.4181
19.7500   0.0915
87.6600   0.2254
35.9100   0.3984
10.2200   0.2389
26.6500   0.0357
185.2900   0.3091
117.3800   0.4440
240.9500   0.8772
215.2600   0.4965
178.3900   0.3397
205.0400   0.1898
 7.6400   0.0154
75.5500   0.2469
48.0200   0.4900
22.3300   0.2604
14.5400   0.0167
12.1100  -0.0008
192.9300   0.2004
58.4600   0.3112
 9.4500   0.4551
114.1200   0.9484
88.4300   0.5154
51.5600   0.3433
78.2100   0.1893
126.8300   0.3918
66.1000   0.1983
24.4600   0.2048
92.3700   0.3326
31.2400   0.1119
 5.5500  -0.0238
31.3600   0.2495
 4.6700   0.1164
209.7100   0.2726
13.7100   0.1171
82.9200   0.2727
12.7500   0.5634
80.6600   0.7557
42.9100   1.6916
17.2200   0.9710
19.6500   0.0265
 7.0000   0.1408
198.0400   0.6886
 5.1100   0.1836
71.2100   0.7357
11.6700   0.5295
39.2400   0.9649
107.1500   1.1382
16.4200  -0.0010
 9.2700  -0.0378
46.1400   0.7875
19.4900   0.4668
224.5300   1.1111
31.6000   0.6378
97.7000   1.2057
14.8200   0.1804
26.4900   1.9677