789.2900   0.9902
264.8400   1.4244
524.4500   1.0762
205.0000   4.5882
584.2900   2.4710
59.0800   1.7047
255.5300   4.1999
533.7600   1.8987
 9.3100   1.5407
50.5300  -0.0234
227.0300   1.5915
562.2600   1.1338
37.0500   1.0360
22.0300   0.0551
28.5000   0.0480
629.2900   1.8544
160.0000   1.2405
364.4500   1.5692
423.5300   3.9179
373.7600   3.5102
401.5000   1.7624
639.2900   1.2750
150.0000   0.8190
374.4500   1.2530
434.2900   3.6810
383.7600   3.0445
412.2600   1.3691
10.0000  -0.0069
659.2900   2.3748
130.0000   1.3671
394.4500   1.7338
454.2900   6.3997
403.7600   7.2988
432.2600   2.0216
30.0000  -0.0227
20.0000  -0.0082
276.2900   5.4185
513.0000   2.8734
11.4500   0.1439
70.5300  10.2790
20.7600  14.9949
48.5000   3.3223
353.0000   4.4508
363.0000   4.3545
383.0000   7.4825
219.2700   2.2075
569.2600   1.4888
44.8100   1.2497
14.2700   0.0440
36.2600   0.0401
 7.7600   0.0150
409.2600   2.3035
419.2600   1.8804
439.2600   2.8360
56.2600   4.6173
249.0300   2.8521
539.5000   1.9098
15.0500   1.4617
44.0300   0.0048
 6.5000   0.0013
22.0000   0.0205
379.5000   2.8298
389.5000   2.4478
409.5000   3.5888
26.5000   5.3800
29.7600   0.0176
236.9900   1.4396
551.5400   1.0281
27.0900   0.9713
31.9900   0.0575
18.5400   0.0513
 9.9600  -0.0021
391.5400   1.6267
401.5400   1.2342
421.5400   1.8434
38.5400   3.1159
17.7200   0.0156
12.0400   0.0188
792.2900   1.5467
 3.0000   0.4468
527.4500   1.4013
587.2900   4.2293
536.7600   3.7248
565.2600   1.5571
163.0000   1.7984
153.0000   1.2462
133.0000   2.2448
516.0000   4.9705
573.0200   2.1348
543.2600   2.7442
555.3000   1.4116
404.2900   3.0143
385.0000   1.4601
139.4500   1.9369
198.5300  11.2926
148.7600  99999.0000
176.5000   2.2959
225.0000   2.9205
235.0000   1.9588
255.0000   5.4855
128.0000  13.5433
184.2600   3.4232
154.5000   4.4499
166.5400   2.0687
388.0000   2.7411
454.2900   2.0333
335.0000   1.1920
189.4500   1.6093
248.5300   5.8442
198.7600   6.2801
226.5000   1.8443
175.0000   2.2083
185.0000   1.4408
205.0000   3.0740
178.0000   6.8908
234.2600   2.5934
204.5000   3.3260
216.5400   1.6730
338.0000   1.9368
50.0000  -0.0257