21.2800  -0.0071
243.0900   0.1461
221.8100   0.0687
252.3600   0.0325
231.0800   0.0088
 9.2700  -0.0014
258.7700   0.0113
237.4900  -0.0054
15.6800   0.0083
 6.4100  -0.0168
334.7200  -0.0153
313.4400  -0.0069
91.6300   0.0396
82.3600  -0.0019
75.9500  -0.0150
409.6000   0.0240
388.3200   0.0750
166.5100   0.2864
157.2400   0.1556
150.8300   0.1302
74.8800   0.1026
458.7500   0.0757
437.4700   0.0323
215.6600  -0.0092
206.3900  -0.0116
199.9800  -0.0102
124.0300   0.0193
49.1500   0.2202
632.0700  -0.0288
610.7900  -0.0107
388.9800   0.0946
379.7100   0.0221
373.3000   0.0061
297.3500   0.0050
222.4700   0.0465
173.3200   0.0520
786.8700   0.1584
765.5900   0.0643
543.7800  -0.0291
534.5100   0.0005
528.1000   0.0072
452.1500   0.0380
377.2700   0.2801
328.1200  -0.0137
154.8000   0.0963
276.0700  -0.0137
254.7900  -0.0241
32.9800   0.0533
23.7100  -0.0016
17.3000  -0.0124
63.7000  -0.0143
138.5800   0.0709
187.7300   0.0256
361.0500  -0.0165
515.8500   0.0526