210.4900   0.0762
268.4600   0.0371
57.9700   0.0141
212.9000  -0.0274
 2.4100   0.0069
55.5600  -0.0228
410.8500  -0.0411
200.3600   0.0049
142.3900  -0.0113
197.9500  -0.0425
238.0300   0.0919
27.5400  -0.0225
30.4300   0.0248
25.1300   0.0005
172.8200   0.0171
266.5100  -0.0276
56.0200  -0.0085
 1.9500   0.0039
53.6100  -0.0271
144.3400  -0.0334
28.4800   0.0120
244.3500  -0.0418
33.8600   0.0472
24.1100   0.0379
31.4500  -0.0179
166.5000  -0.0218
 6.3200   0.0850
22.1600  -0.0133
229.2300  -0.0358
18.7400   0.0289
39.2300   0.0013
16.3300  -0.0322
181.6200  -0.0459
 8.8000   0.0581
37.2800  -0.0181
15.1200  -0.0159
467.7800   0.0723
257.2900  -0.0022
199.3200  -0.0273
254.8800   0.0076
56.9300   0.0118
229.7500   0.0326
201.2700   0.0181
223.4300   0.0568
238.5500   0.0254