1.0100   0.0150
 0.3900   0.0197
 1.4000   0.0200
 0.0100   0.0106
 1.0000   0.0170
 0.4000   0.0101
55.4500   0.0268
56.4400   0.0304
55.0600   0.0439
55.4600   0.0322
 0.3700   0.0217
 0.6400   0.0360
 0.7400   0.0296
 0.3600   0.0222
55.8000   0.0430
669.5900   0.0502
670.5800   0.0626
669.2000   0.0487
669.5800   0.0490
614.1400   0.0768
669.9400   0.0489
796.4300   0.0694
797.4200   0.0730
796.0400   0.0692
796.4200   0.0704
740.9800   0.0921
796.7800   0.0701
126.8400   0.0437
666.6500   0.0518
667.6400   0.0501
666.2600   0.0438
666.6400   0.0501
611.2000   0.0784
667.0000   0.0598
 2.9400   0.0279
129.7800   0.0638
671.5100   0.0516
672.5000   0.0576
671.1200   0.0463
671.5000   0.0397
616.0600   0.0728
671.8600   0.0528
 1.9200   0.0407
124.9200   0.0743
 4.8600   0.0441
665.2600   0.0321
666.2500   0.0378
664.8700   0.0325
665.2500   0.0286
609.8100   0.0500
665.6100   0.0373
 4.3300   0.0197
131.1700   0.0549
 1.3900   0.0217
 6.2500   0.0313
665.5200   0.0326
666.5100   0.0378
665.1300   0.0325
665.5100   0.0305
610.0700   0.0497
665.8700   0.0382
 4.0700   0.0260
130.9100   0.0537
 1.1300   0.0222
 5.9900   0.0335
 0.2600   0.0119
821.5800   0.0361
822.5700   0.0352
821.1900   0.0378
821.5700   0.0369
766.1300   0.0549
821.9300   0.0480
151.9900   0.0355
25.1500   0.0351
151.9900   0.0435
150.0700   0.0486
156.3200   0.0363
156.0600   0.0352
842.9800   0.0441
843.9700   0.0444
842.5900   0.0355
842.9700   0.0363
787.5300   0.0548
843.3300   0.0551
173.3900   0.0522
46.5500   0.0592
176.3300   0.0484
171.4700   0.0486
177.7200   0.0362
177.4600   0.0358
21.4000   0.0323
306.6200   0.0452
307.6100   0.0418
306.2300   0.0332
306.6300   0.0325
251.1700   0.0623
306.9700   0.0607
362.9700   0.0722
489.8100   0.0918
360.0300   0.0557
364.8900   0.0484
358.6400   0.0518
358.9000   0.0481
514.9600   0.0575
536.3600   0.0435
282.3800   0.0596
283.3700   0.0604
281.9900   0.0500
282.3900   0.0455
226.9300   0.0841
282.7300   0.0749
387.2300   0.0782
514.0700   0.0929
384.2900   0.0789
389.1500   0.0650
382.9000   0.0589
383.1600   0.0578
539.2200   0.0595
560.6200   0.0507
24.2600   0.0359
294.6700   0.0353
295.6600   0.0441
294.2800   0.0392
294.6800   0.0385
239.2200   0.0664
295.0200   0.0480
374.9400   0.0493
501.7800   0.0683
372.0000   0.0470
376.8600   0.0596
370.6100   0.0431
370.8700   0.0412
526.9300   0.0407
548.3300   0.0469
11.9700   0.0414
12.2900   0.0633
302.5400   0.0337
303.5300   0.0339
302.1500   0.0314
302.5500   0.0280
247.0900   0.0499
302.8900   0.0518
372.1900   0.0549
499.0300   0.0693
369.2500   0.0466
374.1100   0.0414
367.8600   0.0369
368.1200   0.0367
524.1800   0.0338
545.5800   0.0309
 9.2200   0.0213
15.0400   0.0289
 2.7500   0.0249
306.3800   0.0304
307.3700   0.0333
305.9900   0.0265
306.3900   0.0211
250.9300   0.0445
306.7300   0.0417
366.8100   0.0500
493.6500   0.0694
363.8700   0.0423
368.7300   0.0393
362.4800   0.0330
362.7400   0.0326
518.8000   0.0385
540.2000   0.0301
 3.8400   0.0168
20.4000   0.0300
 8.1100   0.0320
 5.3600   0.0160
274.6900   0.0455
275.6800   0.0456
274.3000   0.0525
274.7000   0.0481
219.2400   0.0523
275.0400   0.0491
394.9200   0.0569
521.7600   0.0659
391.9800   0.0529
396.8400   0.0716
390.5900   0.0453
390.8500   0.0393
546.9100   0.0501
568.3100   0.0439
31.9500   0.0577
 7.6900   0.0748
19.9800   0.0494
22.7300   0.0421
28.0900   0.0454
295.5100   0.0405
296.5000   0.0417
295.1200   0.0375
295.5200   0.0360
240.0600   0.0499
295.8600   0.0578
374.1000   0.0579
500.9400   0.0782
371.1600   0.0533
376.0200   0.0481
369.7700   0.0457
370.0300   0.0455
526.0900   0.0455
547.4900   0.0400
11.1300   0.0251
13.1300   0.0343
 0.8400   0.0337
 1.9100   0.0114
 7.2700   0.0230
20.8200   0.0520
289.8300   0.0438
290.8200   0.0436
289.4400   0.0349
289.8400   0.0330
234.3800   0.0603
290.1800   0.0609
379.7800   0.0655
506.6200   0.0834
376.8400   0.0628
381.7000   0.0534
375.4500   0.0498
375.7100   0.0498
531.7700   0.0436
553.1700   0.0391
16.8100   0.0238
 7.4500   0.0300
 4.8400   0.0450
 7.5900   0.0245
12.9500   0.0180
15.1400   0.0595
 5.6800   0.0314
297.1700   0.0282
298.1600   0.0288
296.7800   0.0273
297.1800   0.0267
241.7200   0.0387
297.5200   0.0438
372.4400   0.0508
499.2800   0.0576
369.5000   0.0463
374.3600   0.0472
368.1100   0.0348
368.3700   0.0354
524.4300   0.0254
545.8300   0.0243
 9.4700   0.0268
14.7900   0.0359
 2.5000   0.0306
 0.2500   0.0133
 5.7000   0.0168
22.4800   0.0395
 1.6600   0.0176
 7.3400   0.0204
388.2700   0.0342
389.2600   0.0340
387.8800   0.0330
388.2800   0.0284
332.8200   0.0529
388.6200   0.0445
281.3200   0.0564
408.1600   0.0746
278.3800   0.0372
283.2400   0.0409
276.9900   0.0356
277.2500   0.0326
433.3100   0.0372
454.7100   0.0353
81.6500   0.0216
105.9100   0.0369
93.6200   0.0426
90.8700   0.0213
85.4900   0.0153
113.6000   0.0500
92.7800   0.0274
98.4600   0.0247
91.1200   0.0212
383.3100   0.0579
384.3000   0.0554
382.9200   0.0588
383.3200   0.0523
327.8600   0.0671
383.6600   0.0630
286.2800   0.0768
413.1200   0.0927
283.3400   0.0597
288.2000   0.0583
281.9500   0.0582
282.2100   0.0596
438.2700   0.0486
459.6700   0.0520
76.6900   0.0478
100.9500   0.0668
88.6600   0.0627
85.9100   0.0429
80.5300   0.0345
108.6400   0.0533
87.8200   0.0463
93.5000   0.0356
86.1600   0.0345
 4.9600   0.0280
373.4300   0.0372
374.4200   0.0459
373.0400   0.0436
373.4400   0.0363
317.9800   0.0600
373.7800   0.0462
296.1600   0.0506
423.0000   0.0708
293.2200   0.0513
298.0800   0.0522
291.8300   0.0350
292.0900   0.0431
448.1500   0.0405
469.5500   0.0452
66.8100   0.0494
91.0700   0.0524
78.7800   0.0450
76.0300   0.0368
70.6500   0.0328
98.7600   0.0624
77.9400   0.0414
83.6200   0.0553
76.2800   0.0330
14.8400   0.0333
 9.8800   0.0652
389.3700   0.0437
390.3600   0.0333
388.9800   0.0471
389.3800   0.0362
333.9200   0.0464
389.7200   0.0524
280.2200   0.0755
407.0600   0.0876
277.2800   0.0666
282.1400   0.0577
275.8900   0.0503
276.1500   0.0527
432.2100   0.0465
453.6100   0.0453
82.7500   0.0374
107.0100   0.0465
94.7200   0.0603
91.9700   0.0344
86.5900   0.0271
114.7000   0.0491
93.8800   0.0379
99.5600   0.0307
92.2200   0.0286
 1.1000   0.0236
 6.0600   0.0326
15.9400   0.0471
449.2500   0.0323
450.2400   0.0327
448.8600   0.0316
449.2600   0.0335
393.8000   0.0515
449.6000   0.0399
220.3400   0.0441
347.1800   0.0525
217.4000   0.0469
222.2600   0.0474
216.0100   0.0341
216.2700   0.0304
372.3300   0.0411
393.7300   0.0320
142.6300   0.0396
166.8900   0.0544
154.6000   0.0427
151.8500   0.0356
146.4700   0.0320
174.5800   0.0396
153.7600   0.0440
159.4400   0.0449
152.1000   0.0331
60.9800   0.0358
65.9400   0.0591
75.8200   0.0400
59.8800   0.0408
495.6500   0.0681
496.6400   0.0803
495.2600   0.0788
495.6600   0.0625
440.2000   0.0846
496.0000   0.0955
173.7000   0.1087
300.5400   0.1311
170.7600   0.0975
175.6200   0.0949
169.3700   0.0768
169.6300   0.0820
325.6900   0.0946
347.0900   0.0839
189.2700   0.0605
213.5300   0.0658
201.2400   0.0872
198.4900   0.0574
193.1100   0.0465
221.2200   0.0953
200.4000   0.0676
206.0800   0.0621
198.7400   0.0627
107.6200   0.0607
112.5800   0.0834
122.4600   0.0803
106.5200   0.0690
46.6400   0.0822