264.8500  -0.0009
387.4000   0.0801
122.5500   0.1775
52.6400   0.0286
212.2100   0.0817
334.7600   0.0495
11.7400   0.0555
253.1100   0.1653
375.6600  -0.0365
40.9000  -0.0009
28.6000  -0.0055
236.2500   0.0318
358.8000   0.0161
24.0400   0.0105
16.8600  -0.0019
21.5600  -0.0120
243.2900  -0.0101
365.8400   0.0647
31.0800   0.0381
 9.8200   0.0552
 7.0400  -0.0109
324.4200   0.0324
59.5700   0.1077
62.9800  -0.0420
271.7800   0.0074
312.6800  -0.0435
295.8200  -0.0147
302.8600   0.0213
67.2000   0.0902
332.0500   0.1685
454.6000  -0.0148
119.8400   0.0348
78.9400  -0.0294
95.8000   0.0279
88.7600   0.0769
391.6200  -0.0189
16.2200  -0.0128
248.6300   0.0095
371.1800   0.0243
36.4200   0.0378
 4.4800   0.0210
12.3800  -0.0205
 5.3400  -0.0168
308.2000  -0.0028
83.4200   0.0418
362.2400   0.0653
627.0900   0.1255
749.6400  -0.0070
414.8800   0.0179
373.9800  -0.0269
390.8400   0.0160
383.8000   0.0495
686.6600  -0.0188
295.0400  -0.0101
378.4600   0.0278
139.4500   0.0622
445.2000   0.1176
567.7500   0.0007
232.9900   0.0065
192.0900  -0.0246
208.9500   0.0081
201.9100   0.0487
504.7700  -0.0251
72.2500  -0.0007
196.5700   0.0305
226.5300  -0.0015
38.4900   0.0052
226.3600   0.0551
348.9100  -0.0006
14.1500  -0.0051
26.7500  -0.0201
 9.8900  -0.0192
16.9300  -0.0019
285.9300  -0.0261
105.6900   0.0054
22.2700  -0.0154
400.7300  -0.0026
218.8400  -0.0019
188.2600   0.0273
453.1100   0.0910
575.6600   0.0040
240.9000   0.0196
200.0000  -0.0188
216.8600  -0.0056
209.8200   0.0292
512.6800  -0.0196
121.0600   0.0064
204.4800  -0.0039
173.9800   0.0039
51.0500   0.0041
226.7500  -0.0166